robotnum 6
Obstacle 200 200 30.0 5 255 255 255 255
Obstacle 100 200 30.0 5 255 255 255 255
Obstacle 300 200 30.0 5 255 255 255 255
Obstacle 400 200 30.0 5 255 255 255 255
Obstacle 500 200 30.0 5 255 255 255 255
Player 100 400 25.0 100 10 1 2 0 0 255 255
HomeBase 350 400 20.0 10 1 3 255 0 0 255
RechargeStation 500 300 20.0 4 123 128 128 255
Robot 250 250 15.0 10 1 0 0 255 0 255
Robot 150 300 15.0 10 1 0 0 255 0 255
Robot 350 600 15.0 10 1 0 0 255 0 255
Robot 300 550 15.0 10 1 0 0 255 0 255
Robot 600 550 15.0 10 1 0 0 255 0 255
Robot 700 550 15.0 10 1 0 0 255 0 255

